40982
48386
39667
29731
47004
42837
30400
29007
35475
27899
25573
21577
44865
45404
44590
43749
31065
31074
48652
47577
39830
44772
37145
40986
26721
34933
39389
38842
45892
40364
33102
49409
48514
22882
23858
32070
28544
22044
41272
31520
49772
28784
42217
49407
35758
31422
25283
31340
36992
23418
29146
21050
35776
38732
23650
20388
27846
26245
42580
23343
34922
25360
42299
44262
42353
23899
21641
24488
23540
23774
21779
35718
49360
21461
22250
21431
41448
20466
24784
36895
23835
36854
25503
22240
30750
39983
41211
28830
36253
27653
27343
26141
31122
32224
35624
32569
46814
25604
32574
22650
48278
25696
23777
39450
47386
35793
24261
42499
23746
32117
31903
21339
47695
28563
35474
33090
29241
48807
22360
49175
34253
47475
41596
28612
28657
37705
37368
31691
30931
38822
38132
34402
33672
47368
23092
23381
20880
30403
47802
37505
46304
41730
32672
25429
20079
34333
29958
30746
27080
28414
30606
22089
25468
47793
39423
23865
45070
45320
24745
39933
22352
48177
36484
43120
45928
28477
29804
46858
38535
49249
28177
38372
31833
33428
43048
33145
30356
42003
30512
38878
44093
27219
37945
21468
30927
46318
45895
31708
38859
44696
46777
34096
36863
43825
22372
27228
44109
39459
41263
48754
23449
42815
40899
35974
49180
27095
38901
39412
49695
47805
37275
36458
47268
37587
35075
34501
40634
42487
44809
48465
30301
27968
34918
33888
40246
39259
48158
28278
37658
30444
38142
31481
48287
30515
25589
46012
28313
26220
38868
45272
35561
45495
47639
39096
32526
20245
28410
39413
31237
43861
46288
21200
22366
44630
35670
45282
42023
24700
20526
30111
40467
20591
42386
41457
35895
43487
23290
43949
39090
25704
38205
43242
22357
37114
38458
40383
28373
23502
20822
43115
27615
21325
39676
26274
28615
47712
44288
37863
23087
39053
36459
49167
47318
29281
25112
34993
40681
26376
34819
28794
31974
41728
32656
33464
39834
34842
40574
33391
38988
36048
48099
47419
38189
27689
28736
24196
31484
39676
34519
41206
25002
30652
49009
22074
26942
47839
36092
25153
24681
41650
25589
27112
35193
24521
35622
22570
44500
29600
36673
48611
23738
44485
35797
37603
25191
39679
30919
20726
41998
23187
26177
33987
20889
33772
32081
32723
26199
32297
23694
39357
48030
27219
31060
20019
33436
42796
31969
47592
37535
23383
48553
39680
49338
36213
44441
42518
42238
26655
25386
38811
24081
40788
24604
31797
23872
29765
49095
44813
37652
29184
23135
23691
37790
27941
45540
24845
27728
38956
49615
37532
34695
40863
24781
22760
44135
48757
36417
33358
49676
28785
37732
43731
33219
45381
20068
27468
48282
27666
38577
46586
48407
30574
45647
47530
43076
40880
42931
36191
41487
46542
41947
35126
37559
27385
26082
30561
38482
45296
43149
25255
49504
33993
20236
39433
20711
45001
35149
42353
32406
24451
35802
38984
31733
35875
34906
30058
39881
25466
35353
27412
37881
49780
40115
48293
30506
32935
25981
30849
40144
32643
35129
46713
28814
44325
38825
40372
44976
25326
35155
32358
21845
33899
27717
27272
40375
24921
27970
30981
31426
20185
44641
21723
27884
32701
33128
30413
40559
32581
30669
46076
45119
34077
30320
48092
41541
47889
25995
34717
21682
40455
24979
21031
49190
38426
28613
32498
35315
42505
29132
26701
42390
30995
44610
45287
45050
32279
25601
20911
36941
44709
45185
35362
47130
41993
41311
20684
29086
45039
39629
25121
20636
20377
32410
36564
24283
35773
24428
23883
36871
48466
48120
22106
39228
30929
23366
25240
49274
40794
49493
35223
39428
36298
34298
28927
29424
30182
46243
23586
33180
47794
29154
24389
45494
45944
26582
21823
36758
35048
27409
38183
29671
20177
43196
46936
33003
35830
41461
36497
21341
46397
30964
42437
28835
27605
24222
28818
41467
41265
46942
48031
49443
37796
48848
31844
21972
29480
37189
42256
25359
48252
48647
20866
44198
26880
43545
42716
49828
27686
36466
30378
45608
31639
40245
31783
26617
26821
24268
44092
41651
33786
26126
48290
29478
36207
48152
42921
24577
31436
24517
27567
27916
28642
35817
48960
44420
40256
29177
44987
48047
40295
21300
49908
34419
38503
36425
47006
38114
39884
27455
49787
33793
44996
38816
41223
36366
39890
34518
44373
24392
31956
20842
46698
26094
29958
48236
22208
20829
26369
32362
25611
41138
48649
28804
45328
38636
43993
28784
36274
21689
35352
41774
43849
49139
35452
35808
46099
38161
31394
42317
39583
25985
47018
28249
27180
35336
36245
32684
21755
38274
39409
43506
34675
27733
22294
27322
46473
30625
20331
36170
35459
35192
24507
28283
32561
41145
21614
27849
29914
46550
42469
21555
37458
33883
36836
45444
20596
39233
41532
28266
42901
20207
36782
43813
30896
32167
29718
29389
34506
47100
40635
20749
29562
36145
35912
43344
46177
23449
32235
45328
49390
48902
30478
33778
24433
35945
42940
33150
43389
23141
23718
41727
26955
20500
31804
35632
49352
34659
48215
35162
22010
20596
38638
45049
23826
22983
22586
37566
29721
30020
31895
25841
35647
37916
43770
27919
35293
42479
43903
37029
30496
21297
31713
35241
21838
26298
26705
27337
23895
40738
28584
46379
28186
25817
45146
27470
35618
33711
35676
27885
46783
29478
41859
48684
22896
38986
22944
34090
39776
46651
32185
21550
49103
38243
49420
30542
20529
34833
48452
47213
22541
32850
33418
38383
35097
35970
48480
23511
43553
48435
25420
30458
44988
34478
33467
45366
27341
26471
41923
38836
24382
32216
34232
22591
37671
22129
30404
28841
37929
31305
29183
30531
35622
24287
38157
37676
47640
35533
21085
41186
37320
28668
28632
45944
48177
21883
23338
25548
37968
43666
38987
44914
39565
22247
30651
47337
20136
25750
22203
39724
32160
44440
39180
42678
28024
25209
27721
40698
24668
27293
49958
44064
42419
34496
31037
21964
31728
45836
44941
30293
22912
34071
25414
27665
47141
34006
30957
39079
22898
45910
24335
46371
42111
32004
21951
28841
33087
45798
45028
24249
49111
37918
36276
33598
35976
40640
41748
33529
41413
44931
41046
43157
24843
28608
32808
43870
43131
22557
47523
29368
38729
40393
41804
48456
47572
39350
43959
23488
22979
35932
28304
21353
36988
24341
35579
43623
31331
20226
24992
20029
39924
43238
35917
49296
27248
31043
20394
44024
40951
29712
37213
26136
48895
29043
30223
24515
47413
27319
27798
29759
43474